143436831
143398432
143393695
143393690
143515687
143506934
143440299
143485861
143517343
143516030
143516930
143507061
143513304
143515796
143515192
143511312
143517080
143514753
143507754
143419851
143509797
143518032
143497254
143505301
143517014
143517293
143519320
143519314
143428804
143518091
143518831
143519221
143513160
143510090
143519611
143515333
143519285
143519575
143519000
143517783
143521234
143519851
143532536
143526279
143527524
143527983
143534329
143533745
143524584
143534636
143526963
143521562
